0.565
0.3266666666666667
0.6333333333333333
0.7766666666666667
0.5
0.5533333333333333
0.39333333333333337
0.6
0.6633333333333333
0.6233333333333334
0.4566666666666667
0.47000000000000003
0.65
0.6966666666666667
0.41333333333333333
0.4033333333333333
0.5499999999999999
0.6133333333333333
0.7033333333333333
0.5033333333333333
0.4333333333333333
0.5466666666666667
0.4633333333333333
0.4466666666666667
0.59
0.69
0.16333333333333333
0.3666666666666667
0.4666666666666666
0.4633333333333334
0.10000000000000002
0.4366666666666667
0.6533333333333333
0.12333333333333334
0.32
0.20333333333333334
0.19666666666666666
0.31666666666666665
0.3333333333333333
0.31666666666666665
0.3866666666666667
0.61
0.20666666666666667
0.47666666666666674
0.5233333333333333
0.25666666666666665
0.645
0.5633333333333334
0.34
0.4566666666666667
0.6633333333333333
0.52
0.46666666666666673
0.4733333333333334
0.3833333333333333
0.35999999999999993
0.27
0.9333333333333332
0.5666666666666667
0.3733333333333333
0.45
0.5666666666666667
0.4933333333333334
0.61
0.30333333333333334
0.16
0.2533333333333333
0.11333333333333334
0.4566666666666667
0.30333333333333334
0.4366666666666667
0.3466666666666667
0.37000000000000005
0.4066666666666667
0.7233333333333333
0.9133333333333334
0.5299999999999999
0.4366666666666666
0.58
0.7466666666666667
0.7033333333333333
0.7533333333333333
0.7166666666666667
0.5466666666666666
0.6666666666666666
0.5666666666666667
0.58
0.5966666666666667
0.36000000000000004
0.68
0.6033333333333334
0.6966666666666667
0.64
0.4633333333333334
0.6366666666666667
0.39999999999999997
0.6699999999999999
0.7233333333333333
0.6
0.51
AVERAGE STUDENT CONFIDENCE PER VIDEO
0.5333333333333333
0.3833333333333333
0.6833333333333332
0.3066666666666667
0.6433333333333333
0.7033333333333333
0.45
0.35666666666666663
0.64
0.10000000000000002
0.3166666666666667
0.5033333333333333
0.7599999999999999
0.3333333333333333
0.24333333333333332
0.41
0.5733333333333334
0.41
0.22666666666666666
0.36333333333333334
0.5566666666666666
0.8066666666666666
0.16
0.6133333333333333
0.5766666666666667
0.43333333333333335
0.5233333333333333
0.34
0.45
0.47
0.3833333333333333
0.71
0.39666666666666667
0.6699999999999999
0.5866666666666667
0.52
0.3866666666666667
0.7233333333333333
0.3866666666666667
0.3866666666666667
0.8366666666666668
0.5533333333333333
0.62
0.39333333333333337
0.6066666666666666
0.7133333333333333
0.25333333333333335
0.26666666666666666
0.5466666666666667
0.41
0.5233333333333334
0.5800000000000001
0.8666666666666667
0.6833333333333332
0.4166666666666667
0.5133333333333333
0.8766666666666666
0.27
0.37
0.5266666666666667
0.10000000000000002
0.35333333333333333
0.21333333333333335
0.32
0.6066666666666666
0.49666666666666665
0.1366666666666667
0.27
0.42
0.18333333333333335
0.7766666666666667
0.3333333333333333
0.26666666666666666
0.7566666666666667
0.08666666666666667
0.5933333333333334
0.12
0.5499999999999999
0.5566666666666666
0.66
0.11333333333333334
0.255
0.43
0.5666666666666667
0.62
0.27666666666666667
0.7166666666666667
0.7966666666666667
0.8066666666666668
0.3433333333333333
0.61
0.7599999999999999
0.6966666666666667
0.2833333333333334
0.5499999999999999
0.52
0.7166666666666668
0.22666666666666666
0.55
0.49666666666666676
